81  87  58
 69  75  46
 48  54  25
 35  41  12
 41  47  18
 60  66  37
 84  93  63
 93 102  72
 96 105  75
 89  98  68
 91 100  70
100 109  79
 96 107  76
 83  94  63
 54  65  34
 52  63  32
 44  58  26
 43  57  25
 52  66  34
 62  76  44
 79  94  59
 75  90  55
 66  78  40
 59  71  33
 48  61  20
 40  53  12
 36  49   8
 35  48   7
 39  54  17
 50  65  28
 54  69  34
 53  68  33
 45  61  30
 33  49  18
 25  41  10
 25  41  10
 35  52  16
 43  60  24
 45  60  23
 39  54  17
 46  62  20
 65  81  39
 69  85  43
 54  70  28
 38  53  14
 34  49  10
 61  76  39
 81  96  59
 86 101  66
 58  73  38
 64  79  44
 61  76  41
 61  76  41
 72  87  52
 78  92  60
 84  98  66
 84  98  66
 78  92  60
 53  67  35
 44  58  26
 44  58  26
 61  75  43
 71  88  52
 65  82  46
 58  72  40
 50  64  32
 25  35   9
 21  31   5
 30  38  17
 44  52  31
 43  51  30
 44  52  31
 57  65  44
 75  83  62
 78  82  65
 78  82  65
 71  75  60
 67  71  56
 75  76  64
 69  70  58
 88  89  77
100 101  89
 74  77  65
 71  74  62
 62  74  56
 59  71  53
101 113  95
 84  96  78
 60  72  54
 53  65  47
 64  74  52
 81  91  69
 84  92  71
 82  90  69
 74  82  59
 51  59  36
 56  61  41
 60  65  45
 65  72  56
 75  82  66
 54  64  56
 54  64  56
 83  93  90
 52  62  59
 31  38  50
 43  50  62
 37  43  62
 18  24  43
  1   9  29
  0   0  18
  0   6  24
  0   5  23
  0   0  16
  0   0  12
  0   0  15
  0   5  25
  2   9  34
  2   9  34
  0   6  34
  0   3  31
 35  43  73
 77  85 115
 86  97 126
 89 100 129
 87 104 124
 74  91 111
 71  91 103
 44  64  76
 47  69  59
 70  92  82
 85 103  86
 63  81  64
 34  49  35
 27  42  28
 46  59  45
 73  86  72
 83  94  81
 78  89  76
 60  68  56
 45  53  41
 46  52  41
 44  50  39
 40  46  35
 28  34  23
 19  25  16
 20  26  17
 37  42  36
 30  35  29
 21  26  22
 28  33  29
 20  25  21
 35  40  36
 40  45  39
 40  45  39
 33  39  30
 34  40  31
 33  39  28
 49  55  44
 75  81  70
 71  77  66
 91  94  82
107 110  98
 98 101  89
 62  65  53
 28  32  17
  0   0   0
 14  18   3
 15  19   4
 28  33  13
 38  43  23
 43  51  28
 51  59  36
 48  56  33
 43  51  28
 43  51  28
 40  48  25
 26  34   9
 13  21   0
 20  28   3
 21  29   4
 22  31   3
 34  43  15
 40  49  19
 67  76  46
101 111  78
120 130  97
 82  92  57
 36  46  11
  8  18   0
 36  46  11
 69  79  44
 62  72  37
 68  80  42
 82  94  56
 77  89  55
 85  97  63
 71  80  50
 67  76  46
 80  86  59
 77  83  56
 70  75  51
 92  97  73
 70  75  51
 49  54  30
 48  53  29
 37  42  18
 24  29   5
 30  35  11
 39  42  18
 60  63  39
 71  74  50
 46  49  25
 36  40  11
 54  58  29
 73  80  46
 65  72  38
 62  70  31
 63  71  32
 48  56  17
 35  43   4
 46  57  15
 81  92  50
 84  95  53
 62  73  31
 56  67  27
 78  89  49
 74  84  47
 62  72  35
 36  48  12
 31  43   7
 43  55  19
 52  64  28
 50  62  28
 46  58  24
 46  58  22
 47  59  23
 52  64  28
 36  48  12
 26  38   2
 27  39   3
 25  39   9
 41  55  25
 44  57  32
 27  40  15
 47  61  40
101 115  94
142 158 137
134 150 129
126 143 115
121 138 110
 99 116  78
 99 116  78
116 136  79
121 141  84
147 166 105
167 186 125
160 179 116
139 158  95
116 135  85
101 120  70
 97 119  91
110 132 104
131 154 139
136 159 144
134 161 164
133 160 163
 74 105 120
 70 101 116
 98 133 156
135 170 193
115 154 180
 71 110 136
 48  91 122
 69 112 143
 91 138 168
131 178 208
162 212 248
152 202 238
142 197 236
136 191 230
136 192 233
149 205 246
149 205 246
148 204 245
145 204 244
145 204 244
145 204 244
145 204 244
145 204 244
145 204 244
146 205 245
146 205 245
146 205 247
147 206 248
147 206 248
147 206 248
146 205 249
146 205 249
149 205 248
157 213 255
158 212 255
141 195 239
149 198 243
 81 130 175
 85 130 170
131 176 216
151 196 234
166 211 249
160 208 245
154 202 239
143 203 236
146 206 239
150 210 247
147 207 244
146 205 245
149 208 248
147 208 247
145 206 245
146 208 244
145 207 243
144 206 240
141 203 237
144 206 240
149 211 245
152 207 244
149 204 241
146 199 236
144 197 234
149 192 231
144 187 226
147 192 221
147 192 221
154 198 222
152 196 220
153 197 219
173 217 239
187 230 255
175 218 245
158 201 230
158 201 230
159 200 239
152 193 232
170 204 241
174 208 245
177 212 244
163 198 230
161 196 226
168 203 233
151 189 220
152 190 221
157 197 227
155 195 225
156 196 224
155 195 223
150 189 215
141 180 206
132 169 189
123 160 180
127 157 168
137 167 178
154 183 181
171 200 198
171 199 176
169 197 174
180 206 181
183 209 184
179 202 187
184 207 192
189 211 199
186 208 196
172 197 194
188 213 210
179 211 221
175 207 217
156 203 229
155 202 228
150 203 240
150 203 240
150 202 244
150 202 244
148 202 244
146 200 242
145 201 242
145 201 242
143 203 240
143 203 240
142 204 238
142 204 238
142 204 238
142 204 238
142 204 240
142 204 240
142 204 240
142 204 240
142 204 240
142 204 240
142 204 240
142 204 240
143 202 242
143 202 242
143 202 242
143 202 242
143 202 242
143 202 242
143 202 242
143 202 242
142 203 244
142 203 244
140 204 244
140 204 244
140 204 244
140 204 244
140 204 244
140 204 244
142 203 246
142 203 246
142 203 246
142 203 246
143 202 246
143 202 246
143 202 246
143 202 246
143 202 246
143 202 246
143 202 246
143 202 246
143 202 244
143 202 244
143 202 244
143 202 244
143 202 242
143 202 242
143 202 242
143 202 242
143 202 242
143 202 242
142 201 241
142 201 241
140 201 240
140 201 240
140 201 240
140 201 240
140 201 240
140 201 240
140 201 240
140 201 240
138 202 242
138 202 242
138 202 242
138 202 242
138 202 242
138 202 242
141 200 240
141 200 240
146 198 240
146 198 240
148 196 235
150 198 237
144 184 214
 75 115 145
 52  77  99
 66  91 113
 44  64  80
 10  30  46
  0   0  11
  0   3  18
  0   6  17
  0   1  12
  0   4  12
  0   2  10
 19  31  37
 79  91  97
127 139 147
 84  96 104
 16  28  36
  9  21  29
 24  39  53
 23  38  52
 14  35  54
 91 112 131
143 170 200
147 174 204
128 161 196
 95 128 163
113 149 190
116 152 193
 99 143 190
141 185 232
150 202 248
146 198 244
148 204 249
156 212 255
162 216 255
148 202 248
 79 132 181
  0  52 101
  0  32  84
 40  88 140
131 178 233
173 220 255
166 213 255
153 200 255
140 211 249
147 218 255
154 216 248
147 209 241
140 184 220
125 169 205
 73 115 149
 28  70 104
 70  76  47
 79  85  56
 76  82  53
 64  70  41
 62  68  39
 76  82  53
 57  66  36
 72  81  51
 77  86  56
 64  73  43
 55  64  34
 60  69  39
 80  91  60
 95 106  75
 90 101  70
 84  95  64
 71  85  53
 65  79  47
 67  81  49
 75  89  57
 90 105  70
 93 108  73
 95 107  69
 93 105  67
 89 102  61
 80  93  52
 54  67  26
 41  54  13
 31  46   9
 32  47  10
 23  38   3
 34  49  14
 42  58  27
 33  49  18
 18  34   3
 12  28   0
 15  32   0
 25  42   6
 27  42   5
 23  38   1
 29  45   3
 60  76  34
 76  92  50
 55  71  29
 37  52  13
 43  58  19
 62  77  40
 72  87  50
 72  87  52
 43  58  23
 33  48  13
 39  54  19
 38  53  18
 37  52  17
 57  71  39
 68  82  50
 68  82  50
 62  76  44
 55  69  37
 52  66  34
 57  71  39
 61  75  43
 60  77  41
 58  75  39
 50  64  32
 39  53  21
 22  32   6
 22  32   6
 34  42  21
 49  57  36
 34  42  21
 47  55  34
 61  69  48
 68  76  55
 62  66  49
 55  59  42
 57  61  46
 60  64  49
 61  62  50
 53  54  42
 81  82  70
104 105  93
 94  97  85
 79  82  70
 46  58  40
 51  63  45
 89 101  83
 87  99  81
 60  72  54
 40  52  34
 28  38  16
 42  52  30
 41  49  28
 22  30   9
  1   9   0
  0   6   0
 18  23   3
 34  39  19
 58  65  49
 72  79  63
 59  69  61
 57  67  59
 52  62  59
 36  46  43
 37  44  56
 47  54  66
 32  38  57
 19  25  44
 17  25  45
  8  16  36
  1   9  27
  0   4  22
  0   3  21
  0   3  21
  0   5  25
  2  10  30
 16  23  48
 29  36  61
 11  17  45
  0   0  20
 17  25  55
 72  80 110
 88  99 128
106 117 146
 78  95 115
 53  70  90
 41  61  73
 23  43  55
 33  55  45
 54  76  66
 69  87  70
 67  85  68
 37  52  38
 19  34  20
 40  53  39
 64  77  63
 84  95  82
 84  95  82
 60  68  56
 39  47  35
 40  46  35
 50  56  45
 50  56  45
 40  46  35
 34  40  31
 30  36  27
 35  40  34
 33  38  32
 25  30  26
 19  24  20
  8  13   9
 21  26  22
 44  49  43
 61  66  60
 60  66  57
 61  67  58
 63  69  58
 82  88  77
114 120 109
104 110  99
116 119 107
119 122 110
121 124 112
 94  97  85
 56  60  45
 18  22   7
 36  40  25
 44  48  33
 37  42  22
 21  26   6
 16  24   1
 19  27   4
 27  35  12
 40  48  25
 39  47  24
 33  41  18
 28  36  11
 23  31   6
 21  29   4
 15  23   0
  4  13   0
  1  10   0
  0   3   0
 22  31   1
 65  75  42
 79  89  56
 70  80  45
 65  75  40
 29  39   4
 41  51  16
 50  60  25
 51  61  26
 35  47   9
 26  38   0
 25  37   3
 33  45  11
 49  58  28
 60  69  39
 60  66  39
 51  57  30
 46  51  27
 44  49  25
 30  35  11
 25  30   6
 18  23   0
 17  22   0
 22  27   3
 22  27   3
 27  30   6
 39  42  18
 50  53  29
 44  47  23
 39  43  14
 37  41  12
 32  39   5
 29  36   2
 28  36   0
 27  35   0
 34  42   3
 36  44   5
 48  59  17
 69  80  38
 60  71  29
 44  55  13
 32  43   3
 61  72  32
 87  97  60
 93 103  66
 69  81  45
 38  50  14
 13  25   0
 25  37   1
 34  46  12
 33  45  11
 45  57  21
 53  65  29
 57  69  33
 70  82  46
 92 104  68
 98 110  74
 87 101  71
104 118  88
116 129 104
 54  67  42
 52  66  45
115 129 108
161 177 156
173 189 168
179 196 168
137 154 126
 59  76  38
 46  63  25
 81 101  44
108 128  71
115 134  73
102 121  60
 78  97  34
 76  95  32
 75  94  44
 71  90  40
 56  78  50
 63  85  57
111 134 119
106 129 114
 88 115 118
 71  98 101
 54  85 100
 78 109 124
114 149 172
158 193 216
159 198 224
126 165 191
103 146 177
 61 104 135
 54 101 131
 99 146 176
131 181 217
152 202 238
143 198 237
160 215 254
161 217 255
147 203 244
150 206 247
149 205 246
145 204 244
145 204 244
143 202 242
143 202 242
143 202 242
145 204 244
145 204 244
146 205 245
146 205 247
147 206 248
147 206 248
147 206 248
147 206 250
147 206 250
149 205 248
151 207 250
152 206 250
155 209 253
157 206 251
111 160 205
112 157 197
149 194 234
142 187 225
157 202 240
176 224 255
176 224 255
149 209 242
148 208 241
159 219 255
143 203 240
139 198 238
154 213 253
153 214 253
142 203 242
145 207 243
146 208 244
141 203 237
149 211 245
149 211 245
152 214 248
160 215 252
149 204 241
139 192 229
140 193 230
144 187 226
143 186 225
145 190 219
149 194 223
155 199 223
153 197 221
144 188 210
132 176 198
137 180 207
154 197 224
163 206 235
158 201 230
158 199 238
146 187 226
159 193 230
165 199 236
172 207 239
165 200 232
152 187 217
156 191 221
158 196 227
163 201 232
162 202 232
162 202 232
149 189 217
128 168 196
122 161 187
119 158 184
116 153 173
125 162 182
147 177 188
158 188 199
152 181 179
144 173 171
143 171 148
147 175 152
155 181 156
156 182 157
175 198 183
182 205 190
172 194 182
167 189 177
156 181 178
161 186 183
168 200 210
184 216 226
163 210 236
155 202 228
151 204 241
151 204 241
150 202 244
150 202 244
148 202 244
146 200 242
147 203 244
147 203 244
145 205 242
143 203 240
144 206 240
144 206 240
144 206 240
144 206 240
142 204 240
142 204 240
142 204 240
142 204 240
142 204 240
142 204 240
142 204 240
142 204 240
143 202 242
143 202 242
143 202 242
143 202 242
143 202 242
143 202 242
143 202 242
143 202 242
142 203 244
142 203 244
140 204 244
140 204 244
140 204 244
140 204 244
140 204 244
140 204 244
142 203 246
142 203 246
142 203 246
142 203 246
143 202 246
143 202 246
143 202 246
143 202 246
143 202 246
143 202 246
143 202 246
143 202 246
143 202 244
143 202 244
143 202 244
143 202 244
143 202 242
143 202 242
143 202 242
143 202 242
143 202 242
143 202 242
142 201 241
142 201 241
140 201 240
140 201 240
140 201 240
140 201 240
140 201 240
140 201 240
140 201 240
140 201 240
138 202 242
138 202 242
138 202 242
138 202 242
138 202 242
139 203 243
143 202 242
145 204 244
151 203 245
152 204 246
155 203 242
157 205 244
155 195 225
 86 126 156
 29  54  76
  0  12  34
  0   2  18
  0   2  18
  0   1  16
  0   6  21
  7  18  29
 24  35  46
 21  33  41
  9  21  29
  0   5  11
  1  13  19
 42  54  62
 55  67  75
 29  41  49
 12  24  32
 26  41  55
 27  42  56
 20  41  60
 77  98 117
134 161 191
170 197 227
165 198 233
146 179 214
152 188 229
171 207 248
160 204 251
164 208 255
150 202 248
145 197 243
